MOV 011 @80 000
MOV 07C @C0 000
PIX @80 002 000
ADD @80 *C0 @80
ADD @81 001 @81
JGR 00D @81 -0C
MOV 000 @81 000
ADD @C0 001 @C0
JEQ @80 011 @28
JMP @08 000 000
MOV 022 @80 000
MOV 07C @C0 000
PIX @80 002 000
ADD @80 *C0 @80
ADD @81 001 @81
JGR 00B @81 -0C
MOV 000 @81 000
ADD @C0 001 @C0
JMP @30 000 000
000 000 000 000
000 000 000 000
000 000 000 000
000 000 000 000
000 000 000 000
000 000 000 000
000 000 000 000
000 000 000 000
000 000 000 000
000 000 000 000
000 000 000 000
000 000 000 000
001 010 -01 -10
000 000 000 000
000 000 000 000
000 000 000 000
000 000 000 000
000 000 000 000
000 000 000 000
000 000 000 000
000 000 000 000
000 000 000 000
000 000 000 000
000 000 000 000
000 000 000 000
000 000 000 000
000 000 000 000
000 000 000 000
000 000 000 000
000 000 000 000
000 000 000 000
000 000 000 000
000 000 000 000
000 000 000 000
000 000 000 000
000 000 000 000
000 000 000 000
000 000 000 000
000 000 000 000
000 000 000 000
000 000 000 000
000 000 000 000
000 000 000 000
000 000 000 000
000 000 000 000
